Primary ID		M7.p(ctr)[1]	M7.p(corr)[1]
9.99		-2.52842e-06	-0.126551
9.97		2.96686e-06	0.161164
9.95		7.11389e-07	0.0481776
9.93		4.75316e-07	0.027341
9.91		7.09471e-07	0.0589211
9.89		-7.93534e-07	-0.0439989
9.87		-7.50078e-08	-0.00629505
9.85		3.1665e-07	0.0175693
9.83		-2.15085e-07	-0.0191662
9.81		-1.09396e-06	-0.053348
9.79		-2.38186e-07	-0.0234573
9.77		-7.23012e-07	-0.0369751
9.75		-8.07024e-07	-0.0931852
9.73		-1.39753e-07	-0.00632335
9.71		-1.72458e-06	-0.13669
9.69		7.33248e-06	0.116725
9.67		-5.76521e-06	-0.148263
9.65		1.46468e-06	0.0609101
9.63		-2.2797e-07	-0.0235876
9.61		1.00182e-05	0.269099
9.59		7.817e-07	0.0917056
9.57		-1.41698e-05	-0.306416
9.55		8.08715e-07	0.0922863
9.53		-7.75883e-07	-0.0361462
9.51		-4.66665e-07	-0.060992
9.49		-2.245e-08	-0.00103307
9.47		-1.85846e-07	-0.0215759
9.45		1.16246e-05	0.217847
9.43		-9.82163e-07	-0.0867715
9.41		2.23696e-06	0.0947809
9.39		-1.21419e-06	-0.0871907
9.37		4.39618e-06	0.137511
9.35		6.75309e-06	0.248728
9.33		-8.79196e-06	-0.274285
9.31		3.26349e-06	0.20124
9.29		1.45669e-05	0.440949
9.27		-4.01642e-06	-0.242124
9.25		-4.07822e-06	-0.183764
9.23		2.63888e-06	0.162948
9.21		7.76163e-07	0.0354419
9.19		2.02364e-05	0.160979
9.17		6.41504e-06	0.191282
9.15		2.65725e-06	0.0898173
9.13		4.37125e-06	0.136857
9.11		-1.39341e-06	-0.034729
9.09		2.33229e-05	0.308148
9.07		1.25655e-05	0.166526
9.05		0.00016919	0.500459
9.03		5.32214e-06	0.12136
9.01		3.92316e-05	0.421863
8.99		-1.12555e-05	-0.274471
8.97		1.97704e-07	0.0145871
8.95		-2.79538e-06	-0.0772727
8.93		0.000166356	0.714609
8.91		4.42065e-06	0.170198
8.89		3.53831e-06	0.257619
8.87		-6.59089e-06	-0.261342
8.85		3.44644e-07	0.0333601
8.83		3.32384e-07	0.0126637
8.81		-2.75504e-07	-0.0294076
8.79		-2.13664e-06	-0.0879388
8.77		-1.74678e-07	-0.0149074
8.75		-1.74963e-06	-0.0521093
8.73		-2.05976e-06	-0.119776
8.71		1.50713e-05	0.323574
8.69		1.16086e-05	0.0848178
8.67		1.42182e-06	0.0268471
8.65		3.6997e-06	0.18038
8.63		8.22589e-06	0.158882
8.61		6.17621e-05	0.613916
8.59		0.00011866	0.714981
8.57		-8.41304e-06	-0.134118
8.55		1.18657e-05	0.223414
8.53		2.36489e-05	0.205693
8.51		-1.86649e-06	-0.0113115
8.49		-1.46513e-05	-0.0482345
8.47		-0.000194841	-0.0946683
8.45		-0.00337526	-0.317833
8.43		-0.00347812	-0.366254
8.41		-0.00124947	-0.364839
8.39		-0.00241017	-0.387482
8.37		-0.000477413	-0.403642
8.35		-7.73352e-05	-0.227035
8.33		-0.000119496	-0.20978
8.31		-0.000210808	-0.248003
8.29		-6.09743e-05	-0.145322
8.27		-1.68446e-05	-0.0574331
8.25		2.09734e-05	0.0510554
8.23		-0.00012854	-0.179581
8.21		-0.000425518	-0.34179
8.19		6.01006e-05	0.0636786
8.17		0.000156859	0.181705
8.15		-2.06119e-05	-0.0373419
8.13		0.000100143	0.220608
8.11		7.39994e-05	0.174564
8.09		-8.8958e-05	-0.158359
8.07		-0.000145462	-0.092508
8.05		-0.000256355	-0.159199
8.03		0.00059645	0.105096
8.01		4.86525e-05	0.0355993
7.99		-0.000362265	-0.428256
7.97		-7.17696e-05	-0.125561
7.95		-1.68816e-05	-0.0251383
7.93		-8.84734e-05	-0.201612
7.91		-7.78735e-05	-0.147366
7.89		-5.31694e-05	-0.0768084
7.87		6.32834e-06	0.00713585
7.85		1.11549e-05	0.0151725
7.83		8.8026e-05	0.115916
7.81		0.000122003	0.184913
7.79		0.000133571	0.213732
7.77		0.00012042	0.236672
7.75		4.47172e-05	0.136548
7.73		-7.8937e-05	-0.124537
7.71		1.16981e-05	0.0405904
7.69		4.75566e-05	0.244143
7.67		1.5607e-05	0.12734
7.65		6.14724e-05	0.286781
7.63		8.70596e-05	0.384564
7.61		-1.63039e-05	-0.145639
7.59		-1.67791e-05	-0.166476
7.57		5.43722e-05	0.387023
7.55		2.25354e-05	0.100405
7.53		0.000175077	0.204095
7.51		0.000270267	0.496277
7.49		-2.58884e-05	-0.0540309
7.47		7.09587e-05	0.141621
7.45		1.51269e-05	0.0721707
7.43		0.000244808	0.154638
7.41		0.000875555	0.302655
7.39		0.000269102	0.241855
7.37		0.00171477	0.521092
7.35		0.00022752	0.225032
7.33		0.000398651	0.226625
7.31		0.00074029	0.253148
7.29		0.00255059	0.615891
7.27		1.52793e-05	0.0195348
7.25		1.07982e-05	0.0198691
7.23		0.00040129	0.484038
7.21		-3.57423e-05	-0.026922
7.19		0.000501299	0.237116
7.17		0.000980616	0.279667
7.15		0.00125378	0.349509
7.13		0.000425647	0.404905
7.11		-4.70667e-07	-0.00111025
7.09		-9.57518e-05	-0.10521
7.07		0.000154624	0.138652
7.05		0.000392674	0.24717
7.03		6.41954e-05	0.179438
7.01		3.54635e-05	0.24374
6.99		9.02215e-05	0.481151
6.97		6.31175e-05	0.0712139
6.95		0.000246287	0.211057
6.93		8.31946e-05	0.174051
6.91		3.05569e-05	0.0945679
6.89		0.000893932	0.275307
6.87		0.000716574	0.628409
6.85		0.00186733	0.372803
6.83		0.000234848	0.233286
6.81		0.000414518	0.496268
6.79		0.00053299	0.511271
6.77		8.75235e-05	0.415168
6.75		0.000223395	0.477952
6.73		0.000215438	0.476269
6.71		5.56501e-05	0.301937
6.69		1.03306e-05	0.29982
6.67		6.1168e-06	0.13548
6.65		5.20592e-05	0.220281
6.63		1.04565e-05	0.113516
6.61		1.55923e-05	0.171788
6.59		9.44639e-05	0.482135
6.57		7.66711e-06	0.0717383
6.55		1.03072e-05	0.247762
6.53		2.14582e-05	0.320651
6.51		0.000314065	0.306235
6.49		-2.48477e-06	-0.0386864
6.47		6.50469e-05	0.451568
6.45		2.2965e-05	0.220077
6.43		2.71937e-06	0.0358308
6.41		1.99232e-05	0.287007
6.39		7.38308e-05	0.252832
6.37		0.000338993	0.243356
6.35		4.92354e-05	0.297878
6.33		2.7773e-05	0.253142
6.31		2.55821e-05	0.172569
6.29		4.61894e-05	0.337729
6.27		9.09792e-05	0.154313
6.25		3.30441e-05	0.414501
6.23		3.09496e-05	0.165239
6.21		2.30291e-05	0.331258
6.19		-6.87529e-05	-0.391603
6.17		2.58686e-06	0.0238644
6.15		8.16838e-05	0.232788
6.13		5.03515e-05	0.378265
6.11		0.000120451	0.313392
6.09		-1.28886e-05	-0.0609887
6.07		4.47363e-05	0.283973
6.05		9.22224e-05	0.41435
6.03		3.5032e-05	0.131186
6.01		3.74271e-05	0.0814496
5.99		0.000103303	0.243565
5.97		7.43358e-05	0.129501
5.95		8.11578e-05	0.154253
5.93		0.000123877	0.221467
5.91		0.000103234	0.269362
5.89		0.000152063	0.207177
5.87		3.56535e-05	0.195157
5.85		1.86908e-05	0.086595
5.83		-2.66186e-05	-0.0905021
5.81		3.70207e-05	0.080983
5.79		0.00109576	0.412091
5.77		-0.000191033	-0.271238
5.75		-0.000204104	-0.305691
5.73		-0.000241916	-0.451373
5.71		-0.000147201	-0.361751
5.69		5.02132e-05	0.0315197
5.67		0.000820168	0.263972
5.65		0.000794759	0.272484
5.63		0.000130831	0.221778
5.61		9.72564e-05	0.0766805
5.59		2.40239e-05	0.0196808
5.57		8.3268e-05	0.124736
5.55		2.95718e-06	0.00623857
5.53		-6.50827e-05	-0.102367
5.51		-0.000189452	-0.21923
5.49		-0.000271112	-0.34442
5.47		-0.000165328	-0.134432
5.45		-0.000689732	-0.32802
5.43		-0.00252471	-0.226473
5.41		-0.000261876	-0.0737757
5.39		-2.60286e-05	-0.00597211
5.37		-0.00130755	-0.164354
5.35		-0.000402402	-0.168121
5.33		-0.00116168	-0.275071
5.31		-0.00801806	-0.357004
5.29		-0.00333307	-0.391684
5.27		-0.00407006	-0.538773
5.25		-0.00491689	-0.441329
5.23		-0.0194391	-0.684798
5.21		-0.0107185	-0.679955
5.19		-0.00564412	-0.357523
5.17		-0.00424029	-0.403951
5.15		-0.00294227	-0.267981
5.13		-0.00350105	-0.336365
5.11		-0.00308498	-0.337508
5.09		-0.00232311	-0.228295
5.07		-0.000907578	-0.303207
5.05		-3.55309e-05	-0.0155971
5.03		-0.00120603	-0.217513
5.01		-0.00639309	-0.277447
4.99		0.000538317	0.131549
4.97		0.000711856	0.137722
4.95		0.00130069	0.188405
4.93		0.00111913	0.120187
4.91		0.00113237	0.0845852
4.89		0.00120439	0.0586885
4.67		-0.00683019	-0.265138
4.65		-0.0138117	-0.422467
4.63		-0.00603511	-0.236242
4.61		-0.00795298	-0.405524
4.59		-0.0225549	-0.569153
4.57		-0.00762366	-0.36867
4.55		-0.00646029	-0.49469
4.53		-0.00372671	-0.375417
4.51		-0.0112838	-0.526231
4.49		-0.0129999	-0.698609
4.47		-0.0265313	-0.639629
4.45		-0.0186372	-0.640779
4.43		-0.0305991	-0.486783
4.41		-0.0148618	-0.438591
4.39		-0.000709785	-0.200936
4.37		0.000392394	0.196215
4.35		-0.000977637	-0.343751
4.33		-0.00475717	-0.325916
4.31		0.000273718	0.0879961
4.29		-0.00218613	-0.245874
4.27		-0.00427032	-0.44225
4.25		-0.00621668	-0.574229
4.23		-0.00763074	-0.61194
4.21		-0.0149741	-0.728352
4.19		-0.0333911	-0.586274
4.17		-0.00868849	-0.624499
4.15		-0.010097	-0.360869
4.13		-0.016994	-0.426348
4.11		-0.0194743	-0.399452
4.09		-0.0130988	-0.562944
4.07		-0.0111689	-0.62583
4.05		-0.00438159	-0.302484
4.03		-0.000988521	-0.0997185
4.01		-0.01159	-0.519052
3.99		-0.0195975	-0.624228
3.97		-0.0397427	-0.647195
3.95		-0.0674021	-0.601468
3.93		-0.094704	-0.736659
3.91		-0.0879103	-0.744234
3.89		-0.0890414	-0.557965
3.87		-0.0892532	-0.640444
3.85		-0.0799722	-0.682152
3.83		-0.0953863	-0.717809
3.81		-0.14355	-0.706789
3.79		-0.172799	-0.70318
3.77		-0.141934	-0.789885
3.75		-0.176082	-0.821531
3.73		-0.124641	-0.675737
3.71		-0.11459	-0.643153
3.69		-0.101831	-0.692823
3.67		-0.119193	-0.788669
3.65		-0.154083	-0.758768
3.63		-0.120643	-0.733108
3.61		-0.0749626	-0.75246
3.59		-0.117306	-0.663842
3.57		-0.10564	-0.701726
3.55		-0.0612693	-0.487175
3.53		-0.0354695	-0.575806
3.51		-0.0237849	-0.556575
3.49		-0.0280337	-0.571579
3.47		-0.0220901	-0.445688
3.45		-0.00191203	-0.08816
3.43		-1.61678e-05	-0.00102436
3.41		0.0071218	0.422323
3.39		0.00320122	0.292048
3.37		-0.000504165	-0.317908
3.35		0.00255219	0.368878
3.33		-0.00181213	-0.330949
3.31		-0.0124897	-0.695149
3.29		-0.0273726	-0.787355
3.27		-0.0285794	-0.773129
3.25		-0.000655517	-0.0673698
3.23		0.00342004	0.283862
3.21		-0.00141244	-0.270812
3.19		-0.00124446	-0.19011
3.17		0.000935189	0.0658244
3.15		-0.000496125	-0.138262
3.13		-0.00768617	-0.501808
3.11		-0.00338835	-0.0971255
3.09		-0.00012064	-0.0172423
3.07		-0.00101231	-0.312513
3.05		0.00176442	0.21509
3.03		0.00209439	0.121739
3.01		0.00722954	0.0917024
2.99		0.00302054	0.083599
2.97		0.000891274	0.140722
2.95		0.000308953	0.365318
2.93		0.000418559	0.32617
2.91		0.000222342	0.102043
2.89		0.00077921	0.265713
2.87		0.001206	0.256234
2.85		0.000426782	0.178092
2.83		0.000755569	0.316918
2.81		0.00110249	0.327888
2.79		0.00100811	0.24797
2.77		-0.00143542	-0.461458
2.75		-0.00530315	-0.568482
2.73		-0.00287041	-0.513677
2.71		-0.00289019	-0.516741
2.69		-0.00525955	-0.427397
2.67		-0.00838085	-0.416425
2.65		-0.00509436	-0.40321
2.63		0.00120676	0.442236
2.61		0.000346469	0.443374
2.59		0.000951104	0.672925
2.57		-0.000529899	-0.230188
2.55		-0.00658973	-0.461564
2.53		-0.00634532	-0.345487
2.51		-0.0014156	-0.130192
2.49		0.00061412	0.19042
2.47		0.00101249	0.258458
2.45		0.00174651	0.364576
2.43		0.00144859	0.379624
2.41		-0.000713415	-0.113941
2.39		-0.0249808	-0.14754
2.37		-0.000327036	-0.0401346
2.35		0.00407781	0.199028
2.33		0.00370382	0.248633
2.31		0.00105879	0.210887
2.29		-0.00178165	-0.21432
2.27		-0.000601053	-0.0746888
2.25		0.00159797	0.200022
2.23		0.00552097	0.230614
2.21		0.000768378	0.0507879
2.19		0.00681347	0.618035
2.17		0.0307429	0.616509
2.15		0.0298939	0.691685
2.13		0.00639096	0.36599
2.11		-0.000946388	-0.0791644
2.09		-0.00713903	-0.443359
2.07		-0.024353	-0.576569
2.05		-0.0948818	-0.511715
2.03		-0.12543	-0.589597
2.01		-0.044242	-0.593191
1.99		-0.00722277	-0.438767
1.97		0.000778243	0.0268005
1.95		0.000227913	0.0335981
1.93		0.00290974	0.335531
1.91		0.142349	0.419646
1.89		-0.0035511	-0.120592
1.87		-0.00110212	-0.0924898
1.85		0.00129096	0.28644
1.83		0.000883993	0.140285
1.81		-0.000558857	-0.112088
1.79		-0.00314051	-0.407664
1.77		-0.0107966	-0.539607
1.75		-0.00393714	-0.249488
1.73		0.000558823	0.0338159
1.71		-0.000538647	-0.0101665
1.69		-0.00172196	-0.0499689
1.67		0.00269495	0.121037
1.65		0.00464928	0.198088
1.63		0.00557829	0.278778
1.61		0.005227	0.323083
1.59		0.000587328	0.18802
1.57		0.00393134	0.45792
1.55		0.0207643	0.610295
1.53		0.00861034	0.411991
1.51		-7.84546e-06	-0.000685065
1.49		-0.00250925	-0.182189
1.47		0.00468051	0.136834
1.45		-0.0023382	-0.0919737
1.43		-0.00442457	-0.296192
1.41		-0.000972845	-0.133698
1.39		0.00111165	0.107354
1.37		-0.00350634	-0.238598
1.35		-0.00481745	-0.256887
1.33		-0.0336507	-0.335502
1.31		-0.0413409	-0.330797
1.29		-0.0143813	-0.234889
1.27		-0.0329994	-0.425471
1.25		-0.0370798	-0.430531
1.23		-0.0483218	-0.462203
1.21		-0.0247861	-0.469784
1.19		-0.0140902	-0.395541
1.17		-0.0335097	-0.282334
1.15		-0.00661866	-0.18209
1.13		-0.0130166	-0.344708
1.11		1.14236e-05	0.00374989
1.09		0.00108445	0.229074
1.07		0.00047886	0.130821
1.05		0.0491564	0.629023
1.03		0.0165313	0.497117
1.01		-0.00110925	-0.150215
0.99		-0.0013207	-0.0941679
0.97		-0.00210482	-0.121386
0.95		-0.00164145	-0.0622996
0.93		0.000574589	0.0284537
0.91		0.00159195	0.0829785
0.89		0.0331653	0.493309
0.87		0.00756434	0.203297
0.85		0.000715792	0.0686682
0.83		0.000256129	0.0649835
0.81		-0.000177174	-0.0786449
0.79		0.000159712	0.0958833
0.77		3.76389e-05	0.0295416
0.75		-0.000848017	-0.426564
0.73		0.000551109	0.224977
0.71		0.00150176	0.235683
0.69		0.000193661	0.189345
0.67		0.000497776	0.302413
0.65		1.83168e-05	0.0174679
0.63		-0.000156445	-0.54648
0.61		-0.000185052	-0.561447
0.59		-4.77742e-05	-0.267282
0.57		6.22251e-05	0.0817892
0.55		-4.71061e-05	-0.119402
0.53		7.20832e-06	0.00538662
0.51		9.05433e-06	0.325869
0.49		5.12424e-06	0.156685
0.47		-3.74803e-06	-0.167337
0.45		-1.47557e-06	-0.0811353
0.43		1.1162e-06	0.0637911
0.41		-7.06539e-07	-0.0348185
0.39		2.563e-06	0.107875
0.37		1.2407e-06	0.0730823
0.35		-4.16859e-06	-0.179057
0.33		-1.60659e-06	-0.11198
0.31		1.02156e-06	0.0477628
0.29		-8.12502e-07	-0.0612743
0.27		1.5869e-06	0.0630871
0.25		-7.19116e-07	-0.0654103
0.23		1.94015e-06	0.085119
0.21		1.29129e-06	0.133432
0.19		-6.32368e-07	-0.028969
0.17		2.8636e-07	0.0329595
0.15		-7.00995e-06	-0.0980739
0.13		-7.50906e-06	-0.107195
0.11		2.74032e-06	0.10587
0.09		-1.81764e-05	-0.128792
0.07		-7.9509e-06	-0.0690702
0.05		8.29389e-05	0.24192
0.03		5.64476e-05	0.123069
0.01		7.7364e-05	0.0863715
