Primary ID		M18.p(ctr)[1]	M18.p(corr)[1]
9.99		-1.23647e-05	-0.168256
9.97		-4.46608e-06	-0.0577009
9.95		-2.63743e-06	-0.0415656
9.93		-2.31187e-06	-0.0287381
9.91		-2.21913e-06	-0.038116
9.89		-4.32225e-06	-0.0560912
9.87		-3.5734e-06	-0.0605733
9.85		-7.30347e-06	-0.086597
9.83		-4.95207e-06	-0.113688
9.81		-9.69476e-06	-0.116128
9.79		-6.88856e-06	-0.150688
9.77		4.75616e-06	0.0544923
9.75		-4.84448e-06	-0.1165
9.73		-1.19082e-05	-0.124333
9.71		-5.09591e-06	-0.140269
9.69		5.3178e-06	0.0612011
9.67		3.99697e-06	0.0631618
9.65		-4.65221e-06	-0.0458243
9.63		-2.2069e-05	-0.193273
9.61		-8.43767e-05	-0.137274
9.59		-0.000158485	-0.144495
9.57		4.15111e-06	0.0321367
9.55		-1.57204e-05	-0.168564
9.53		-5.97145e-07	-0.00574054
9.51		-1.8397e-06	-0.052811
9.49		-1.09296e-05	-0.119655
9.47		-2.77239e-06	-0.0784329
9.45		2.70153e-05	0.139996
9.43		1.06585e-06	0.0126764
9.41		-1.41302e-05	-0.102904
9.39		-5.74526e-05	-0.150871
9.37		-7.4153e-06	-0.0664258
9.35		4.66574e-06	0.041068
9.33		-4.43399e-06	-0.0351047
9.31		-8.29805e-06	-0.117711
9.29		2.49588e-05	0.147663
9.27		-9.81885e-06	-0.120039
9.25		-2.18623e-05	-0.142859
9.23		1.34252e-05	0.0584958
9.21		1.90893e-05	0.027671
9.19		-0.000498384	-0.284646
9.17		-0.000333071	-0.279024
9.15		1.8295e-05	0.122501
9.13		1.36317e-05	0.0905952
9.11		3.41784e-05	0.121535
9.09		-7.4128e-05	-0.166758
9.07		2.23425e-05	0.0257229
9.05		-0.000229279	-0.117058
9.03		-0.000132838	-0.24445
9.01		-7.74213e-05	-0.119768
8.99		-1.1029e-05	-0.0869896
8.97		-8.02302e-06	-0.125891
8.95		2.39608e-05	0.138593
8.93		0.000137958	0.198887
8.91		2.5807e-06	0.0238848
8.89		-5.43385e-06	-0.0852157
8.87		-2.02201e-05	-0.132362
8.85		-7.17362e-06	-0.152145
8.83		8.40009e-06	0.0617547
8.81		-1.60045e-06	-0.0434939
8.79		-2.13802e-05	-0.187281
8.77		2.18156e-05	0.184238
8.75		-2.15797e-06	-0.0185214
8.73		-5.56759e-06	-0.141347
8.71		-0.000105551	-0.104891
8.69		-3.94831e-05	-0.0219244
8.67		-1.49047e-05	-0.112824
8.65		-4.55707e-06	-0.0969816
8.63		2.88268e-05	0.148455
8.61		9.37304e-05	0.282381
8.59		0.000132004	0.183581
8.57		7.66376e-05	0.0729918
8.55		7.30021e-05	0.03661
8.53		0.000112476	0.0345158
8.51		0.000153328	0.0443082
8.49		0.000109363	0.025498
8.47		1.94883e-05	0.00396664
8.45		-0.00129052	-0.085535
8.43		0.000510373	0.0809261
8.41		0.000247384	0.051208
8.39		0.000183604	0.0499536
8.37		0.000191422	0.0712705
8.35		0.000138603	0.0772023
8.33		-4.59926e-05	-0.0337474
8.31		-8.17631e-06	-0.0137601
8.29		5.83221e-05	0.0787726
8.27		1.26636e-05	0.0229273
8.25		0.00011714	0.131023
8.23		0.000144998	0.13678
8.21		-5.26578e-05	-0.0558947
8.19		-0.000123035	-0.0595981
8.17		-0.00014334	-0.0737752
8.15		0.000122659	0.0866627
8.13		3.48988e-05	0.0369678
8.11		8.07713e-06	0.00785486
8.09		7.34198e-05	0.109303
8.07		0.00063792	0.185479
8.05		-0.000663866	-0.165999
8.03		-0.000739714	-0.0726653
8.01		0.000175216	0.0532655
7.99		0.000170255	0.137254
7.97		0.000142669	0.126541
7.95		0.000183261	0.146227
7.93		-7.38829e-05	-0.0955636
7.91		-0.000242057	-0.157903
7.89		0.000111709	0.0837723
7.87		-7.41808e-05	-0.0366536
7.85		-4.31354e-05	-0.0258947
7.83		7.1465e-06	0.0046015
7.81		0.000165794	0.0652177
7.79		-5.15766e-06	-0.00255435
7.77		-0.00022361	-0.107222
7.75		-6.37702e-05	-0.0825719
7.73		-0.000415688	-0.152184
7.71		-0.000237346	-0.155783
7.69		-0.000155335	-0.107513
7.67		-0.000807138	-0.148973
7.65		-0.000177567	-0.17146
7.63		-0.00100979	-0.285709
7.61		-0.000278166	-0.254554
7.59		-1.78662e-05	-0.103003
7.57		2.98314e-06	0.0091623
7.55		4.39958e-05	0.0781912
7.53		-0.00048402	-0.113692
7.51		-5.15934e-05	-0.0282945
7.49		-0.00270827	-0.305963
7.47		-0.000356402	-0.151414
7.45		-0.0030109	-0.286235
7.43		-0.00101635	-0.24693
7.41		-7.41705e-05	-0.00725434
7.39		-0.000419923	-0.120704
7.37		-0.0010133	-0.117975
7.35		0.000102008	0.0340582
7.33		-7.10133e-05	-0.0117959
7.31		-0.000755362	-0.0686034
7.29		-0.000745703	-0.0716067
7.27		-0.000173558	-0.0578611
7.25		-1.10602e-05	-0.00850029
7.23		0.000920695	0.288622
7.21		2.81958e-05	0.00952262
7.19		-0.00113389	-0.118396
7.17		-8.02949e-05	-0.00764281
7.15		0.000491545	0.0538812
7.13		-0.000288359	-0.0695865
7.11		3.76216e-05	0.0474202
7.09		-7.36e-05	-0.0460731
7.07		0.000454601	0.158386
7.05		-0.000122777	-0.0372652
7.03		4.62361e-05	0.0344061
7.01		4.95163e-05	0.0341685
6.99		0.000180659	0.090609
6.97		6.09487e-05	0.13189
6.95		6.75295e-05	0.0169638
6.93		2.86443e-05	0.0220426
6.91		0.00012471	0.148758
6.89		-0.00106808	-0.0830723
6.87		0.0011401	0.265719
6.85		0.00175264	0.129631
6.83		0.000168951	0.0705055
6.81		-0.000269436	-0.0760127
6.79		0.00157707	0.397137
6.77		-4.23173e-05	-0.0412626
6.75		0.000733804	0.395715
6.73		0.000710255	0.365449
6.71		4.11326e-05	0.0358537
6.69		1.39117e-05	0.0541512
6.67		-2.93244e-05	-0.0994347
6.65		7.98606e-05	0.102358
6.63		-0.000485214	-0.270434
6.61		-0.000870555	-0.223022
6.59		-4.48471e-05	-0.0680006
6.57		-2.70511e-05	-0.0361085
6.55		2.21444e-05	0.0525929
6.53		2.64209e-05	0.0680676
6.51		8.40183e-05	0.0243643
6.49		4.93942e-05	0.0639137
6.47		3.58248e-05	0.0536601
6.45		-1.49962e-05	-0.0227862
6.43		-2.1785e-05	-0.0438442
6.41		4.86955e-05	0.148718
6.39		0.000142927	0.136215
6.37		0.00118532	0.177263
6.35		0.000217151	0.198498
6.33		-2.43237e-05	-0.0294789
6.31		4.96526e-05	0.0643
6.29		-6.18853e-05	-0.105087
6.27		0.000449825	0.146296
6.25		3.9133e-05	0.0849889
6.23		9.86918e-05	0.0953262
6.21		4.205e-05	0.169525
6.19		-3.9424e-05	-0.253475
6.17		-2.73227e-05	-0.0700217
6.15		0.000155539	0.100562
6.13		-3.10976e-05	-0.0390509
6.11		9.79915e-05	0.0594964
6.09		-0.000124727	-0.11925
6.07		-0.000214439	-0.192732
6.05		-0.000252636	-0.192638
6.03		-0.000348345	-0.220771
6.01		-0.000368389	-0.238349
5.99		-0.000536951	-0.248937
5.97		-0.000543393	-0.262253
5.95		-0.00047991	-0.229158
5.93		-0.000459912	-0.242929
5.91		-0.000261624	-0.16418
5.89		-8.36835e-05	-0.0458169
5.87		-5.71834e-05	-0.127367
5.85		-2.98057e-05	-0.0353655
5.83		0.0001275	0.106713
5.81		0.00017576	0.0904148
5.79		0.000372559	0.0470543
5.77		3.43824e-05	0.014492
5.75		-0.000118863	-0.0442358
5.73		9.22263e-05	0.0475387
5.71		0.000312757	0.177789
5.69		0.000914688	0.236868
5.67		0.00269451	0.233814
5.65		0.00266079	0.236584
5.63		0.000505642	0.20566
5.61		5.10502e-05	0.024208
5.59		0.000158182	0.134008
5.57		2.07634e-05	0.0200976
5.55		-1.1566e-05	-0.0147381
5.53		0.000161656	0.135368
5.51		0.000109416	0.0773546
5.49		7.13364e-05	0.0719969
5.47		-8.92673e-06	-0.00417733
5.45		4.61598e-06	0.00307863
5.43		0.000419166	0.206967
5.41		0.00113719	0.238849
5.39		0.00252642	0.235579
5.37		0.000679943	0.135592
5.35		0.000605649	0.129256
5.33		-0.000177393	-0.0600933
5.31		-0.000179517	-0.0271159
5.29		-0.000208492	-0.0289393
5.27		-0.000213578	-0.0449174
5.25		8.44579e-05	0.0145527
5.23		0.00206618	0.094458
5.21		0.00148876	0.170743
5.19		0.000748067	0.0991367
5.17		0.000191355	0.0440411
5.15		0.000297859	0.0539554
5.13		0.000503772	0.0716425
5.11		0.000939203	0.0831457
5.09		0.000644518	0.0412999
5.07		0.000353782	0.0212598
5.05		0.000356462	0.0168304
5.03		0.000311018	0.0121288
5.01		3.91547e-05	0.00132406
4.99		-0.000308095	-0.00932785
4.97		-0.000802746	-0.0218706
4.95		-0.00120771	-0.0291
4.93		-0.00247115	-0.0473555
4.91		-0.00356033	-0.0487604
4.89		-0.0050305	-0.0431621
4.67		-0.00759745	-0.0413646
4.65		-0.00403509	-0.0262536
4.63		-0.00385784	-0.0300946
4.61		-0.00231137	-0.0218825
4.59		-0.00101873	-0.0118868
4.57		-0.0004992	-0.00729503
4.55		-0.000169117	-0.00321483
4.53		0.000349535	0.00890391
4.51		0.000813765	0.0289713
4.49		0.000850409	0.0454737
4.47		0.000339913	0.028227
4.45		0.000617512	0.0415253
4.43		8.95392e-05	0.0091925
4.41		-0.000659607	-0.123238
4.39		-0.000225664	-0.0667123
4.37		0.000204077	0.0368699
4.35		0.000469414	0.0683744
4.33		-0.000307417	-0.0533195
4.31		7.94716e-05	0.012238
4.29		0.00075366	0.0630571
4.27		0.00113217	0.106524
4.25		0.00483639	0.18052
4.23		0.00252298	0.142802
4.21		0.00122709	0.0828484
4.19		0.00149631	0.116904
4.17		0.00164494	0.115723
4.15		0.0015855	0.124873
4.13		0.00121082	0.0393059
4.11		0.00266315	0.0787081
4.09		0.00409447	0.153697
4.07		0.000107467	0.012099
4.05		0.00156447	0.0890782
4.03		0.00596039	0.201602
4.01		0.00366488	0.128162
3.99		0.00261054	0.102497
3.97		0.00250299	0.0948983
3.95		0.00396685	0.141223
3.93		0.0050993	0.108149
3.91		0.00759593	0.187085
3.89		0.00438491	0.080098
3.87		0.00936085	0.179562
3.85		0.0204009	0.265309
3.83		0.0189189	0.243899
3.81		0.0131772	0.191689
3.79		0.0125539	0.161997
3.77		0.0143588	0.139647
3.75		0.00806895	0.0769161
3.73		0.00984022	0.122027
3.71		0.00741431	0.109725
3.69		-0.0113313	-0.0326303
3.67		0.0126514	0.186785
3.65		0.00949878	0.12602
3.63		0.00761531	0.163396
3.61		0.00617451	0.184867
3.59		0.00272494	0.0781497
3.57		0.00299717	0.124639
3.55		0.00192365	0.0268827
3.53		3.17544e-05	0.00160433
3.51		0.00428224	0.210293
3.49		0.00287455	0.127368
3.47		0.00114523	0.0355371
3.45		0.00459323	0.140086
3.43		0.00487804	0.198992
3.41		-0.00234492	-0.0371077
3.39		0.000349872	0.0128228
3.37		0.000459075	0.124748
3.35		0.000608291	0.0310963
3.33		-0.000101238	-0.00605935
3.31		0.000506859	0.0370617
3.29		0.00329952	0.187455
3.27		0.00413325	0.226788
3.25		-0.00217488	-0.045153
3.23		0.000841998	0.0255642
3.21		0.00386793	0.291871
3.19		0.00220067	0.14868
3.17		0.00328745	0.169354
3.15		7.71945e-05	0.0173962
3.13		-0.000527222	-0.0424876
3.11		0.00316607	0.099162
3.09		0.000545345	0.032528
3.07		0.000265893	0.0633095
3.05		0.00190056	0.0872484
3.03		0.00405644	0.115661
3.01		0.00824575	0.108013
2.99		0.00645255	0.179329
2.97		0.00161703	0.170582
2.95		0.000374797	0.164734
2.93		0.000631912	0.14154
2.91		0.00021077	0.0416786
2.89		-7.0015e-05	-0.0134579
2.87		0.00178941	0.141763
2.85		0.0015326	0.121378
2.83		0.00309275	0.432988
2.81		0.000528775	0.0674219
2.79		-0.000247747	-0.024247
2.77		1.21817e-05	0.00344706
2.75		0.000290042	0.049475
2.73		-0.00086276	-0.129815
2.71		-0.000589654	-0.12266
2.69		-9.12696e-05	-0.0171068
2.67		-0.00186564	-0.172093
2.65		-0.00254851	-0.243276
2.63		-0.00149014	-0.149832
2.61		-0.000313085	-0.0674338
2.59		-0.000315303	-0.0568449
2.57		-0.000400243	-0.0573394
2.55		0.00061588	0.0609608
2.53		0.000521507	0.0864093
2.51		0.000257883	0.0647192
2.49		1.72779e-05	0.00240154
2.47		0.000663422	0.131857
2.45		0.00270779	0.301499
2.43		0.00187846	0.153524
2.41		-0.00128688	-0.115404
2.39		-0.0899586	-0.220392
2.37		-0.00139948	-0.155985
2.35		-0.00382049	-0.0826001
2.33		-0.000923499	-0.0263498
2.31		0.00255459	0.212294
2.29		0.0017796	0.177009
2.27		0.000515945	0.0500864
2.25		-0.00131309	-0.0829378
2.23		-0.00141492	-0.0262888
2.21		-0.0014945	-0.0508154
2.19		0.000898287	0.0323182
2.17		0.00694972	0.0615353
2.15		-0.00552499	-0.0575277
2.13		-0.00451934	-0.106908
2.11		-0.00210464	-0.0691901
2.09		0.000603478	0.0343014
2.07		-0.00132277	-0.0485209
2.05		-0.00556803	-0.104986
2.03		-0.00575343	-0.114752
2.01		-0.000934675	-0.0314347
1.99		0.000256993	0.01059
1.97		0.00617987	0.174465
1.95		-0.00393152	-0.197095
1.93		-0.00357627	-0.156803
1.91		0.0549009	0.098595
1.89		0.00192347	0.0581534
1.87		-0.00146214	-0.0869079
1.85		-0.00321352	-0.249385
1.83		-0.0018611	-0.176181
1.81		0.00110479	0.105478
1.79		0.00313422	0.233634
1.77		0.00533761	0.287746
1.75		0.00542575	0.209939
1.73		0.00315946	0.116533
1.71		0.00296196	0.0738335
1.69		0.00417147	0.139581
1.67		0.00297092	0.0724084
1.65		0.00485711	0.0886076
1.63		0.00384317	0.0716224
1.61		0.00172213	0.0401577
1.59		4.39361e-05	0.00768017
1.57		0.000585701	0.0341759
1.55		-0.00614306	-0.0866194
1.53		-0.00193398	-0.050053
1.51		-0.0021754	-0.0902281
1.49		-0.00223935	-0.106958
1.47		-0.00463349	-0.0561797
1.45		0.00101882	0.0526468
1.43		-0.00181253	-0.114336
1.41		-0.00113995	-0.0702017
1.39		-0.000441056	-0.0233674
1.37		0.000696268	0.0412172
1.35		-0.000516037	-0.0426613
1.33		0.00207329	0.0499327
1.31		0.00153442	0.0273367
1.29		-0.0048473	-0.0931796
1.27		-0.00383498	-0.0957721
1.25		-0.0016593	-0.0817422
1.23		0.00030347	0.0216215
1.21		-3.42578e-05	-0.00332311
1.19		0.00127902	0.091448
1.17		0.00907497	0.169611
1.15		0.0177296	0.217647
1.13		0.00206759	0.137603
1.11		0.000760987	0.11955
1.09		4.67524e-07	4.39412e-05
1.07		0.00138027	0.156666
1.05		0.0155298	0.0937008
1.03		0.00237066	0.0335451
1.01		-0.000721909	-0.0423428
0.99		0.000122935	0.00329697
0.97		0.00209039	0.0365564
0.95		-0.00438595	-0.0612953
0.93		0.00302184	0.0597441
0.91		-0.00199071	-0.0458793
0.89		-0.0104876	-0.0758931
0.87		-0.00891986	-0.110539
0.85		-0.00159977	-0.0600741
0.83		-0.000987735	-0.0985705
0.81		-0.00112295	-0.322457
0.79		-0.00275964	-0.388534
0.77		-0.000115244	-0.0357583
0.75		7.66222e-06	0.00858065
0.73		0.000892285	0.0886388
0.71		0.000784524	0.0213354
0.69		-0.00432129	-0.303934
0.67		-0.000403363	-0.0521683
0.65		0.000304818	0.0629078
0.63		-0.000228412	-0.152731
0.61		-0.00016107	-0.151617
0.59		-5.97679e-05	-0.0410453
0.57		-5.74094e-05	-0.263662
0.55		-1.1002e-05	-0.0832755
0.53		-9.02673e-06	-0.0686053
0.51		-1.13774e-05	-0.138114
0.49		5.88101e-06	0.0776943
0.47		-1.17127e-05	-0.147023
0.45		-9.29727e-06	-0.12514
0.43		4.96019e-06	0.0612357
0.41		1.37552e-07	0.00217235
0.39		-9.81416e-06	-0.127147
0.37		-4.75939e-06	-0.0796388
0.35		-2.96372e-06	-0.0326682
0.33		-5.6337e-06	-0.103645
0.31		4.94203e-06	0.0519022
0.29		-8.24002e-08	-0.00158562
0.27		-7.23761e-06	-0.0862146
0.25		-2.70305e-06	-0.0660391
0.23		1.54767e-07	0.00182598
0.21		-6.86435e-06	-0.162361
0.19		6.66783e-06	0.0765656
0.17		-1.25296e-06	-0.0157517
0.15		-1.25697e-05	-0.0318466
0.13		-2.0182e-05	-0.0240046
0.11		-3.74483e-05	-0.0258338
0.09		3.53683e-05	0.0162993
0.07		-0.000123683	-0.0432405
0.05		-0.000353706	-0.0948971
0.03		-0.000252222	-0.0590057
0.01		-0.000219991	-0.0462413
