Primary ID		M2.p[1]	M2.p[2]
9.99		0.0037087	0.0311948
9.97		-0.00936946	-0.0320216
9.95		0.00346193	-0.0284807
9.93		-0.0123215	0.0160993
9.91		-0.00341811	0.00970741
9.89		0.00475269	-0.0122758
9.87		-0.00213932	-0.00354021
9.85		-0.00060608	0.0075945
9.83		0.00269535	-0.00543318
9.81		0.00238842	-0.00437313
9.79		0.00012419	0.00400152
9.77		0.000851601	-0.00800523
9.75		0.0053658	-0.0151792
9.73		0.00265991	0.010222
9.71		0.00919719	0.0107133
9.69		-0.00575213	0.00597161
9.67		0.00922098	0.0236509
9.65		-0.0010812	-0.0124334
9.63		-0.000980846	0.0105881
9.61		-0.0388513	0.0232175
9.59		-0.00469405	-0.0154018
9.57		0.0319493	0.0116459
9.55		-0.00907369	-0.0256843
9.53		0.00416565	0.00718567
9.51		0.00624502	0.00653406
9.49		0.000649842	-0.00229418
9.47		0.000156015	-0.00977241
9.45		-0.0284367	0.00710705
9.43		0.00283515	-0.00511701
9.41		-0.0173836	0.0215429
9.39		0.0129684	-0.0191445
9.37		-0.0198797	0.0264905
9.35		-0.0192714	-0.0291228
9.33		0.0267344	0.00152379
9.31		-0.0208728	-0.00971322
9.29		-0.0436063	0.00402637
9.27		0.0159465	0.0205122
9.25		0.0115559	-0.00931702
9.23		-0.00643049	-0.00494997
9.21		0.00252134	-0.0184706
9.19		-0.0116524	-0.0094979
9.17		-0.0110061	-0.0137951
9.15		-0.0179819	0.0134254
9.13		-0.0227256	0.0227977
9.11		-0.00503596	0.00289344
9.09		-0.039852	0.00601525
9.07		-0.0310447	0.0245845
9.05		-0.0560059	-0.00770023
9.03		-0.0189231	0.0137617
9.01		-0.0546332	0.0119944
8.99		0.0308817	-0.0143746
8.97		0.00323652	-0.038533
8.95		-0.00927018	0.0566081
8.93		-0.0837158	0.0153825
8.91		-0.00468675	-0.0389561
8.89		-0.0333559	0.00266306
8.87		0.0319074	-0.0218563
8.85		-0.0115423	-0.00999108
8.83		0.00375546	-0.0129869
8.81		-0.00111117	0.00896075
8.79		0.00938219	0.00164822
8.77		-0.00673182	0.0147279
8.75		0.0248911	0.0168166
8.73		0.00359502	0.0168263
8.71		-0.0290508	-0.0294493
8.69		-0.00654468	-0.00285346
8.67		0.00602904	-0.0062293
8.65		-0.0188189	-0.0162518
8.63		-0.0119252	-0.00901249
8.61		-0.073732	0.000704736
8.59		-0.0844537	-0.0067577
8.57		0.015095	0.0406532
8.55		-0.00656063	0.00614435
8.53		-0.015713	-0.0135599
8.51		0.00850987	0.00545155
8.49		0.0120435	0.00351112
8.47		0.0186536	-0.000903598
8.45		0.0288351	0.026786
8.43		0.076254	0.0481139
8.41		0.0746161	0.0423912
8.39		0.067767	0.0272835
8.37		0.066796	0.0455846
8.35		0.037745	0.0283098
8.33		0.0339025	0.0415508
8.31		0.0474392	0.0547688
8.29		0.0210521	0.058752
8.27		0.0219879	0.0351132
8.25		-0.00389854	0.0269415
8.23		0.0172109	0.0641063
8.21		0.0421625	0.0740045
8.19		-0.0107521	0.0788679
8.17		-0.0191037	0.0720076
8.15		0.0203586	0.0375752
8.13		-0.029253	0.00716424
8.11		-0.0214987	0.0126976
8.09		0.0130628	0.0523317
8.07		0.00687563	0.0156637
8.05		0.0189721	0.0277307
8.03		-0.00743311	0.0128305
8.01		-0.00608898	0.0254508
7.99		0.0212744	0.0389937
7.97		-0.0131341	0.0551271
7.95		-0.0294606	0.0745384
7.93		-0.00057839	0.0549922
7.91		0.000914363	0.0606918
7.89		-0.00105784	0.0642859
7.87		-0.0158592	0.0436543
7.85		-0.017969	0.0352306
7.83		-0.0201921	0.0396947
7.81		-0.018925	0.00990548
7.79		-0.02529	0.0108149
7.77		-0.0220141	-0.00506405
7.75		-0.0219664	0.0477584
7.73		-0.00900563	0.0633698
7.71		-0.0195843	0.0857314
7.69		-0.0258481	0.0138219
7.67		-0.0230829	0.0362973
7.65		-0.022278	-0.0139479
7.63		-0.0526705	0.0336683
7.61		-0.00264155	0.0447103
7.59		0.00564955	0.00534914
7.57		-0.0387696	-0.00630422
7.55		-0.0120981	0.00586433
7.53		-0.0482883	0.0716007
7.51		-0.0744059	0.069887
7.49		-0.00921618	0.0849634
7.47		-0.0111333	-0.00574305
7.45		-0.00378982	0.00389874
7.43		-0.0280951	0.0463846
7.41		-0.0492265	0.0667823
7.39		-0.0240546	0.01848
7.37		-0.0661837	0.0524792
7.35		-0.029691	0.104441
7.33		-0.0421886	0.0800725
7.31		-0.051299	0.0829335
7.29		-0.0695822	0.0119631
7.27		-0.00068314	0.0890384
7.25		-0.0148215	0.0871845
7.23		-0.0499277	-0.00623221
7.21		-0.0122914	0.0389883
7.19		-0.0443499	0.0639836
7.17		-0.0534568	0.081202
7.15		-0.0503649	0.0175097
7.13		-0.0512199	0.0259612
7.11		-0.0160729	0.0406624
7.09		-0.00119271	0.0487088
7.07		-0.0250597	0.0396228
7.05		-0.0241126	-0.0104506
7.03		-0.0146955	-0.0112529
7.01		-0.0208986	-0.0197174
6.99		-0.0465972	-0.0144158
6.97		-0.0105804	0.0130848
6.95		-0.019108	-0.00514029
6.93		-0.0140278	-0.0104699
6.91		-0.0196085	0.020588
6.89		-0.0484966	0.0677569
6.87		-0.0645284	-0.0201211
6.85		-0.0532331	0.0237202
6.83		-0.0458557	0.0614492
6.81		-0.0509294	0.000326249
6.79		-0.0428229	-0.0438861
6.77		-0.03348	-0.0197425
6.75		-0.040634	-0.042824
6.73		-0.0407892	-0.0406983
6.71		-0.0249529	-0.0179523
6.69		-0.025907	-0.0240197
6.67		-0.0153669	0.0114103
6.65		-0.0200907	-0.00756721
6.63		-0.0103188	-0.0155195
6.61		-0.0177913	-0.00538419
6.59		-0.0476784	-0.00553119
6.57		-0.00376448	-0.00988009
6.55		-0.0217109	-0.0214777
6.53		-0.0454306	0.0219992
6.51		-0.0382736	0.00678027
6.49		-0.0146577	0.0422228
6.47		-0.0438787	-0.0124847
6.45		-0.0190601	-0.0109868
6.43		-0.00239548	0.00211206
6.41		-0.0172398	-0.0429651
6.39		-0.023614	-0.00316193
6.37		-0.0196003	-0.0119788
6.35		-0.0247828	-0.0172651
6.33		-0.0158954	-0.0413398
6.31		-0.0117089	-0.0173464
6.29		-0.0518886	0.0465827
6.27		-0.0150391	0.0032168
6.25		-0.0303326	-0.0490217
6.23		-0.0110318	-0.0189266
6.21		-0.0364755	0.014687
6.19		0.0176406	0.00929899
6.17		-0.015311	0.00116896
6.15		-0.0208879	-0.0131487
6.13		-0.0326434	-0.0480078
6.11		-0.0284785	-0.0217242
6.09		-0.00696897	0.00277473
6.07		-0.0274948	-0.0435456
6.05		-0.0408156	-0.0344947
6.03		-0.0153046	-0.0395123
6.01		-0.0146901	-0.0189435
5.99		-0.0218097	-0.0415816
5.97		-0.018968	-0.00513644
5.95		-0.0241634	-0.0133018
5.93		-0.0232683	-0.0304434
5.91		-0.0369203	-0.00878372
5.89		-0.0438511	0.0428211
5.87		-0.0287097	0.00572973
5.85		-0.00502063	-0.0128378
5.83		0.0115845	-0.0148022
5.81		0.00341885	-0.0197211
5.79		-0.0387766	-0.00523813
5.77		0.0334296	0.0159808
5.75		0.0367996	0.0182211
5.73		0.0463688	0.0165079
5.71		0.0375573	-9.38578e-05
5.69		-0.00275575	0.00114592
5.67		-0.0197563	-0.0244907
5.65		-0.0202285	-0.0248085
5.63		-0.0135294	-0.0257995
5.61		-0.00575563	0.00208977
5.59		-0.00186462	0.00507418
5.57		-0.00519475	-0.0161215
5.55		0.00418196	-0.0152233
5.53		0.00536857	-0.0115827
5.51		0.0118694	-0.000326907
5.49		0.0266233	-0.0537221
5.47		0.0112831	-0.0349549
5.45		0.0622066	0.0048167
5.43		0.0552969	0.0179881
5.41		0.0166288	0.0199633
5.39		0.0223219	-0.0167224
5.37		0.0507314	0.00976608
5.35		0.0214542	0.00723567
5.33		0.0264476	0.000970471
5.31		0.0631907	-0.00517087
5.29		0.0585753	-0.0138472
5.27		0.0720523	0.00210789
5.25		0.0355097	0.00959456
5.23		0.0934716	-0.0160927
5.21		0.102751	0.0166655
5.19		0.0675025	0.0438755
5.17		0.0786498	0.0292582
5.15		0.0703308	0.0502955
5.13		0.079721	0.0528751
5.11		0.0756037	0.0504101
5.09		0.0681805	0.0479835
5.07		0.057581	0.0417104
5.05		0.00461864	0.00384938
5.03		0.0584554	0.0396776
5.01		0.0742062	0.0505431
4.99		-0.0057659	-0.0277519
4.97		-0.0125481	-0.032354
4.95		-0.0164034	-0.0307523
4.93		-0.0104613	-0.0246713
4.91		-0.00713268	-0.015775
4.89		-0.00639543	-0.011344
4.67		0.0432994	-0.0320035
4.65		0.0813795	-0.00815413
4.63		0.056333	-0.0101098
4.61		0.0623272	-0.0301254
4.59		0.056849	-0.0496219
4.57		0.0336219	-0.0021192
4.55		0.0455238	-0.0137043
4.53		0.0578014	0.00844131
4.51		0.0876918	0.00560219
4.49		0.0839857	-0.013342
4.47		0.0605658	-0.0392193
4.45		0.0986964	0.0306784
4.43		0.0917606	0.03906
4.41		0.0919296	0.0424719
4.39		0.0626797	0.042648
4.37		-0.0224613	-0.00148577
4.35		0.0637554	0.0675069
4.33		0.072986	0.0621699
4.31		0.0097784	0.0436625
4.29		0.0522256	0.00307297
4.27		0.0667825	0.0128021
4.25		0.0731647	0.023028
4.23		0.0722539	0.0194655
4.21		0.0711927	-0.0115097
4.19		0.046362	-0.0470577
4.17		0.0560078	-0.00348098
4.15		0.0775128	0.0490932
4.13		0.0858911	0.0516902
4.11		0.0382621	0.0240462
4.09		0.0628427	0.0262137
4.07		0.0807442	0.0441918
4.05		0.0390894	0.0691351
4.03		-0.00108361	0.00168741
4.01		0.0374344	0.0555502
3.99		0.0920127	0.0642896
3.97		0.102351	0.0384677
3.95		0.100946	0.0279056
3.93		0.104772	0.0206027
3.91		0.1026	0.0139768
3.89		0.0978043	0.0476713
3.87		0.10304	0.0470001
3.85		0.103381	0.0424817
3.83		0.102359	0.0198467
3.81		0.103831	0.0121952
3.79		0.105636	0.0161677
3.77		0.0980753	0.00981921
3.75		0.10086	0.0265705
3.73		0.103082	0.0520955
3.71		0.10341	0.0459585
3.69		0.1009	0.0439056
3.67		0.0910009	-0.0112886
3.65		0.0907853	-0.00237239
3.63		0.0950861	0.0181754
3.61		0.102369	0.0386984
3.59		0.104847	0.023772
3.57		0.101905	0.0164661
3.55		0.0634781	0.0277962
3.53		0.0929039	0.063194
3.51		0.0919565	0.0687649
3.49		0.0929711	0.0449923
3.47		0.0848064	0.0330424
3.45		0.0304775	0.0491369
3.43		0.00848391	0.056531
3.41		-0.0476008	0.019779
3.39		-0.0302023	0.0135823
3.37		0.025966	0.00766335
3.35		-0.0347569	-0.0223953
3.33		0.00127694	0.0658442
3.31		0.0617719	0.00387648
3.29		0.0947089	0.0252236
3.27		0.093327	0.0172149
3.25		-0.0115716	0.051868
3.23		-0.0413359	0.0459456
3.21		-0.00313846	0.05121
3.19		-0.0188184	0.101294
3.17		-0.0431985	0.076046
3.15		-0.0261505	0.0653317
3.13		0.0193639	0.0263409
3.11		-0.0137248	0.0312354
3.09		-0.0259495	0.0545003
3.07		0.0104108	0.0544171
3.05		-0.0524505	0.0886376
3.03		-0.0497108	0.0968899
3.01		-0.0510976	0.0872593
2.99		-0.0489037	0.0803682
2.97		-0.0488353	0.0707077
2.95		-0.0524733	0.0209741
2.93		-0.0512452	0.0402792
2.91		-0.0370217	0.0832009
2.89		-0.0491425	0.0564887
2.87		-0.0366367	0.0180293
2.85		-0.0264522	0.0277487
2.83		-0.0429561	0.0106616
2.81		-0.0573357	0.0783375
2.79		-0.0512321	0.0917374
2.77		0.0559664	0.0617942
2.75		0.0784753	0.0533117
2.73		0.0694771	0.0641314
2.71		0.0619409	0.0597376
2.69		0.0424186	0.03755
2.67		0.0473676	0.0378556
2.65		0.0482113	0.0251179
2.63		-0.0599501	0.0484436
2.61		-0.0552934	0.0459247
2.59		-0.0660933	-0.0216061
2.57		0.0109346	0.0115778
2.55		0.0371193	-0.000703755
2.53		0.0386592	0.0193625
2.51		0.0223354	0.0262954
2.49		-0.0358437	0.0457319
2.47		-0.0465108	0.0500651
2.45		-0.0552153	0.0384274
2.43		-0.0522763	0.00596372
2.41		-0.0110012	0.0340177
2.39		0.00214095	0.0217452
2.37		-0.00802074	0.0761896
2.35		-0.0478657	0.089401
2.33		-0.057606	0.0896845
2.31		-0.0510858	0.0742966
2.29		-0.00444513	0.0910238
2.27		-0.0239233	0.120165
2.25		-0.0460523	0.076446
2.23		-0.0521035	0.0532954
2.21		-0.0351753	0.0714699
2.19		-0.0811348	0.0372777
2.17		-0.0818226	0.0283561
2.15		-0.0730024	0.0018285
2.13		-0.045894	0.0869715
2.11		-0.0120205	0.140029
2.09		0.0552305	0.100981
2.07		0.07525	0.095042
2.05		0.0870163	0.0785065
2.03		0.0900431	0.0738199
2.01		0.0865788	0.081308
1.99		0.041656	0.115511
1.97		-0.0335248	0.103577
1.95		0.00501573	0.0741382
1.93		-0.0516794	0.0659784
1.91		-0.0620495	0.0447026
1.89		-0.0269841	0.082502
1.87		-0.0246927	0.0706942
1.85		-0.0557266	0.0698289
1.83		-0.0409622	0.0968855
1.81		0.00217969	0.0748571
1.79		0.0333069	0.0409899
1.77		0.0258576	0.057627
1.75		-0.0128573	0.0971485
1.73		-0.0401932	0.12254
1.71		-0.0383191	0.0998845
1.69		-0.0328529	0.101315
1.67		-0.0527419	0.0929414
1.65		-0.0545823	0.066908
1.63		-0.0522949	0.0404447
1.61		-0.0532385	0.0330779
1.59		-0.0332298	0.0506736
1.57		-0.0532616	0.0207352
1.55		-0.0671496	0.00167652
1.53		-0.0687189	0.0582129
1.51		-0.0364524	0.0785796
1.49		-0.0159696	0.0730403
1.47		-0.0540062	0.113034
1.45		-0.0357556	0.09373
1.43		-0.0100459	0.0840002
1.41		-0.0176081	0.0683993
1.39		-0.0418118	0.0637133
1.37		-0.000566965	0.0561708
1.35		0.0186213	0.022267
1.33		0.0250195	0.0129809
1.31		0.0240387	0.0124095
1.29		0.019923	0.00989826
1.27		0.0672921	0.0385187
1.25		0.0820573	0.05193
1.23		0.0770783	0.0318293
1.21		0.0762742	0.0247135
1.19		0.0665451	0.070741
1.17		0.0686534	0.0622643
1.15		0.0478978	0.058484
1.13		0.0467474	0.0523976
1.11		-0.0144613	0.0706881
1.09		-0.0316445	0.0571262
1.07		-0.0271901	0.0411216
1.05		-0.0845527	0.0287567
1.03		-0.0795533	0.0713996
1.01		-0.00405249	0.121884
0.99		-0.00308614	0.126503
0.97		-0.0130149	0.127649
0.95		-0.0204879	0.119563
0.93		-0.032089	0.126738
0.91		-0.0402193	0.113157
0.89		-0.0578004	0.0212219
0.87		-0.0312709	0.0298073
0.85		-0.0236672	0.0381795
0.83		-0.0279169	0.0654853
0.81		-0.0129769	0.072391
0.79		-0.0240547	0.0518135
0.77		-0.0196805	0.0452659
0.75		0.0230879	0.00281024
0.73		-0.0418963	0.0311184
0.71		-0.0441792	0.0463047
0.69		-0.0232986	0.0374119
0.67		-0.0425099	0.0603599
0.65		-0.0173815	0.0725452
0.63		0.0369817	0.00352585
0.61		0.0381122	0.0184426
0.59		0.0175759	0.000774645
0.57		-0.00425818	-0.00721572
0.55		0.00473344	0.00824223
0.53		-0.00382633	0.0164366
0.51		-0.0427822	0.0349279
0.49		-0.0249391	0.0212452
0.47		0.0356435	-0.0431037
0.45		0.0292962	-0.0235208
0.43		-0.0153399	0.0132572
0.41		-0.0135062	0.0555592
0.39		0.00610771	-0.0494742
0.37		0.0146613	-0.0456405
0.35		0.000414898	0.00793722
0.33		0.00169165	-0.0157497
0.31		0.00530419	-0.00879481
0.29		0.0177321	-0.0375296
0.27		-0.02308	0.0411042
0.25		-0.00165386	0.0103956
0.23		-0.00964917	-0.0216917
0.21		-0.0122241	-0.0101069
0.19		-0.000947901	0.0187565
0.17		0.000587069	0.00567793
0.15		0.00872174	0.00395118
0.13		-0.00568243	0.0392752
0.11		0.00980551	-0.026743
0.09		0.00820809	-0.0266159
0.07		0.00533204	-0.00390206
0.05		-0.0155719	0.00913376
0.03		-0.00748068	-0.000216849
0.01		-0.00901479	0.0107547
