Primary ID		M3.p[1]	M3.p[2]
9.99		0.00226379	0.0216755
9.97		-0.0227454	0.00123301
9.95		-0.00852955	0.013606
9.93		0.000809348	-0.0023707
9.91		0.00220426	0.0176152
9.89		-0.0061004	-0.014839
9.87		-0.00961464	0.00921353
9.85		-0.0101119	0.013866
9.83		-0.00793534	0.016212
9.81		-0.0100961	0.0190849
9.79		-0.00510402	0.00716369
9.77		0.00284425	0.00722945
9.75		-0.00893432	0.00952685
9.73		-0.00372755	0.0192221
9.71		-0.0198532	0.0249173
9.69		-0.00333062	0.0107217
9.67		0.00275323	0.00419732
9.65		-0.00498517	0.0254316
9.63		-6.93426e-06	0.0267642
9.61		0.0029668	0.0147542
9.59		0.00329198	0.0195536
9.57		0.0291053	0.00581084
9.55		-0.00234209	0.0241204
9.53		-0.00409237	0.025912
9.51		0.00110164	0.012367
9.49		0.000141517	0.0239297
9.47		-0.0157744	0.00912162
9.45		0.022351	-0.0197209
9.43		-0.0119578	0.00827974
9.41		0.00100803	-0.0114192
9.39		-0.0151757	-0.0176896
9.37		0.000436853	-0.00662267
9.35		0.0126086	-0.0109758
9.33		0.0211154	0.023766
9.31		-0.0165759	0.0132987
9.29		-0.0141168	-0.0323929
9.27		-0.00403025	-0.019443
9.25		0.00489876	0.00568336
9.23		-0.0189271	-0.00861307
9.21		-0.0248856	0.00101905
9.19		-0.0215427	-0.0114037
9.17		-0.0194687	-0.0124539
9.15		0.0220619	-0.0106392
9.13		0.032687	-0.00586153
9.11		-0.00587458	-0.00226507
9.09		-0.00240807	-0.0379831
9.07		-0.0187703	-0.0267865
9.05		0.000514147	-0.0475727
9.03		-0.00843456	-0.0418786
9.01		0.00801644	-0.0461505
8.99		-0.0014938	0.0376159
8.97		-0.022495	0.041781
8.95		0.0326417	-0.00548254
8.93		-0.0152369	-0.0535463
8.91		0.00581496	-0.0228582
8.89		-0.0203435	-0.0372904
8.87		0.0126915	0.0397356
8.85		-0.0121197	0.0287315
8.83		0.00645037	-0.0128195
8.81		-0.00786938	0.00809269
8.79		-0.0101265	0.0160377
8.77		0.00453365	0.0197041
8.75		0.00180549	0.000458685
8.73		-0.0119155	0.0363183
8.71		0.00402877	0.0164886
8.69		0.00827528	0.0155625
8.67		-0.0151244	-0.000574764
8.65		-0.00980085	0.00843283
8.63		-0.00244738	-0.0155097
8.61		-0.0262312	-0.0194652
8.59		-0.00255754	-0.00265588
8.57		0.0289046	0.0410807
8.55		0.0202545	0.0464488
8.53		0.0235781	0.0448037
8.51		0.0239067	0.0493965
8.49		0.0220191	0.0475411
8.47		0.0234132	0.0472831
8.45		0.0384797	0.0205779
8.43		0.0195048	0.0537267
8.41		0.0248208	0.0460865
8.39		0.0245356	0.0492508
8.37		0.02068	0.0478269
8.35		0.0173879	0.0476198
8.33		0.0327402	0.0280247
8.31		0.0407305	0.00420254
8.29		0.00824113	-0.0225338
8.27		-0.00416214	-0.00374018
8.25		0.000881091	-0.0356312
8.23		0.00285791	-0.036595
8.21		0.0257417	-0.0189785
8.19		-0.00266975	-0.0472022
8.17		0.00959728	-0.0523497
8.15		0.00548302	-0.0191906
8.13		0.00806325	-0.0202194
8.11		-0.00899083	-0.0177166
8.09		0.00472945	-0.00980929
8.07		-0.00350291	0.0059626
8.05		-0.00842365	0.0158734
8.03		0.00938145	0.00898766
8.01		0.0190401	0.0258741
7.99		0.0278152	0.0279937
7.97		0.03688	0.00295566
7.95		0.0254701	-0.00878456
7.93		0.0179335	0.0127695
7.91		0.0174174	0.000596251
7.89		0.0172369	-0.036524
7.87		0.0175762	-0.0310578
7.85		0.00864353	-0.0176238
7.83		0.0214216	-0.00782802
7.81		0.0487499	0.00792332
7.79		0.0218449	-0.0187237
7.77		0.00993956	-0.0327414
7.75		0.0261	-0.0394561
7.73		0.0800831	-0.0191502
7.71		0.0855679	-0.0155977
7.69		0.0100835	0.00702346
7.67		0.00527865	0.0180676
7.65		-0.0102651	-0.00326165
7.63		-0.00394591	0.00129697
7.61		0.00519456	0.011081
7.59		0.00377678	0.0162327
7.57		-0.0104747	-0.00286078
7.55		0.0207648	-0.0225189
7.53		0.0768616	-0.0363224
7.51		0.0219951	-0.0526402
7.49		0.00806279	0.0082901
7.47		0.00661778	0.0225017
7.45		-0.00313403	0.0112198
7.43		0.060886	-0.02716
7.41		0.0931798	-0.0572383
7.39		0.00075492	-0.027844
7.37		0.0438066	-0.1083
7.35		0.046501	-0.0532742
7.33		0.0947785	-0.056344
7.31		0.0971313	-0.0552508
7.29		-0.00445256	-0.094913
7.27		0.0897571	-0.0367694
7.25		0.0429788	-0.0221935
7.23		0.0182618	-0.0231847
7.21		0.0559058	-0.0189152
7.19		0.0933163	-0.0492387
7.17		0.0789993	-0.0518975
7.15		0.0221452	-0.0288541
7.13		-0.0174315	-0.0614139
7.11		0.00746061	-0.0338256
7.09		0.0268047	-0.0246109
7.07		0.0579232	-0.0156762
7.05		0.054767	-0.0187775
7.03		0.0165581	-0.0109903
7.01		0.0206262	0.0180294
6.99		0.016419	-0.0171471
6.97		0.0326814	-0.0218895
6.95		0.032161	-0.00884005
6.93		0.0482154	0.0160618
6.91		0.0409144	-0.0179996
6.89		0.0899429	-0.0622007
6.87		0.0313097	-0.0541059
6.85		0.0252107	-0.0296521
6.83		0.0156221	-0.036343
6.81		-0.0182975	-0.0526501
6.79		0.000687176	-0.0308606
6.77		-0.0170859	-0.0348599
6.75		0.00711835	-0.02184
6.73		-0.00116113	-0.0298336
6.71		0.0243953	0.00764204
6.69		-0.00557963	0.0192917
6.67		-0.022711	-0.00349247
6.65		0.0380385	-0.00602635
6.63		-0.00256456	0.00852968
6.61		-0.00631585	0.00769763
6.59		-0.016177	-0.048391
6.57		0.00738025	0.0175349
6.55		0.0293359	0.0290706
6.53		0.0208356	0.037428
6.51		-0.000709317	-0.00436083
6.49		0.0287634	0.0450783
6.47		0.0523556	0.0255013
6.45		0.0499009	0.0205525
6.43		0.0533933	0.01458
6.41		-0.000226576	-0.0194826
6.39		0.0185918	-0.020147
6.37		0.00981223	-0.0154998
6.35		0.00597778	-0.00563245
6.33		0.00221774	-0.00512699
6.31		0.00316959	-0.0178595
6.29		0.0262671	-0.0292832
6.27		0.00824877	-0.0157965
6.25		0.00953438	0.000592323
6.23		0.00393068	-0.00515982
6.21		0.0169197	-0.00511613
6.19		0.0313073	0.0438327
6.17		0.0332986	0.0125523
6.15		0.00693082	-0.00415945
6.13		-0.0024126	0.00553134
6.11		0.00837388	0.00309023
6.09		-0.01019	0.0181006
6.07		-0.0148668	0.0179792
6.05		-0.0233629	0.0237314
6.03		-0.0217271	0.0203788
6.01		-0.0245597	0.0236797
5.99		-0.0254518	0.0220555
5.97		-0.0209811	0.0159211
5.95		-0.0278013	0.0120618
5.93		-0.030701	0.0131143
5.91		-0.0189392	-0.00367498
5.89		0.0143704	-0.0232179
5.87		-0.00363044	0.00972417
5.85		0.0204411	0.00526217
5.83		0.0338243	0.0347541
5.81		0.0485209	0.0446038
5.79		0.0374268	0.0230727
5.77		0.0354314	0.0240261
5.75		0.0336961	0.00683652
5.73		0.0210945	0.014842
5.71		0.0323574	0.0270699
5.69		0.0353621	0.0404573
5.67		0.0399022	0.0355921
5.65		0.0402593	0.0372867
5.63		0.03105	0.0511762
5.61		-0.00935296	0.0319976
5.59		0.0223768	0.0542261
5.57		0.00520271	0.0511662
5.55		-0.00402099	0.0409856
5.53		0.00521555	0.0301736
5.51		0.011816	0.0363164
5.49		0.0189986	0.0678176
5.47		0.0294816	0.0462304
5.45		0.0458011	0.0685844
5.43		0.0436868	0.0760652
5.41		0.0360969	0.042154
5.39		0.0605911	0.0576721
5.37		0.0624917	0.0661543
5.35		0.0357779	0.0974574
5.33		0.0286296	0.0441569
5.31		0.0297329	0.0243674
5.29		0.0275454	0.0241522
5.27		0.050254	0.0501057
5.25		0.066574	0.086884
5.23		0.0628948	0.0531237
5.21		0.0720399	0.104051
5.19		0.0689271	0.0921343
5.17		0.0597893	0.0914071
5.15		0.0396053	0.0945534
5.13		0.0156873	0.088279
5.11		0.031749	0.0982386
5.09		0.0263302	0.0859773
5.07		-0.00228469	0.0578889
5.05		-0.0124385	0.0470129
5.03		-0.0143337	0.0488182
5.01		-0.0167429	0.0483646
4.99		-0.0180633	0.0469397
4.97		-0.018517	0.0477261
4.95		-0.0159054	0.0416154
4.93		-0.0145538	0.0248475
4.91		-0.00737037	0.0119964
4.89		-0.0017384	0.00198189
4.67		-0.0190831	0.0374622
4.65		-0.0155705	0.0398989
4.63		-0.0148743	0.0389837
4.61		-0.0175799	0.0386787
4.59		-0.0149994	0.0410905
4.57		-0.00906017	0.0428229
4.55		-0.0128993	0.0407227
4.53		-0.0108196	0.0440352
4.51		-0.00284485	0.0522117
4.49		-0.00172277	0.0538067
4.47		0.0158616	0.0598148
4.45		0.0439915	0.066339
4.43		0.0392173	0.0518007
4.41		0.0349483	0.0360992
4.39		0.035593	0.0466752
4.37		0.0332573	0.0678157
4.35		0.0418994	0.0479815
4.33		0.0672001	0.0590278
4.31		0.0348581	-0.00691187
4.29		0.0360693	-0.00664489
4.27		0.0568592	0.0774563
4.25		0.0484627	0.070075
4.23		0.055853	0.0828162
4.21		0.0663607	0.0948833
4.19		0.0715282	0.0871387
4.17		0.0823827	0.071953
4.15		0.0826479	0.05912
4.13		0.0881586	0.041699
4.11		0.0707504	0.0448207
4.09		0.040419	0.0492353
4.07		0.0859401	0.009674
4.05		0.0951744	0.00672831
4.03		0.0597304	0.0422738
4.01		0.0964315	0.0558697
3.99		0.101357	0.0462345
3.97		0.0974228	0.048593
3.95		0.081938	0.0793667
3.93		0.0954099	0.0767804
3.91		0.0821879	0.0870698
3.89		0.0982743	0.0579205
3.87		0.0819038	0.103981
3.85		0.0774114	0.0966931
3.83		0.0870738	0.0939128
3.81		0.0940996	0.102477
3.79		0.0947801	0.0993289
3.77		0.107597	0.0845119
3.75		0.11584	0.0648042
3.73		0.107304	0.0758905
3.71		0.0875321	0.0654011
3.69		0.0119926	0.0168125
3.67		0.0910392	0.0946752
3.65		0.0927413	0.0917307
3.63		0.0977662	0.0729208
3.61		0.10212	0.013054
3.59		0.0958518	0.0107155
3.57		0.0966718	0.0558011
3.55		0.0960026	0.0227795
3.53		0.0540641	-0.000347004
3.51		0.0881782	0.038998
3.49		0.0865939	0.0488593
3.47		0.0521977	0.0235897
3.45		0.0551421	0.0294974
3.43		0.0717399	0.00910323
3.41		0.0769025	0.000768658
3.39		0.0404687	-0.00340142
3.37		0.0427075	0.0247588
3.35		0.036732	0.0214529
3.33		0.076724	-0.00455982
3.31		0.0845488	-0.00418399
3.29		0.0878619	-0.00625155
3.27		0.112282	-0.0023491
3.25		0.0761272	0.00383347
3.23		0.073767	-0.00888456
3.21		0.0845403	-0.0177436
3.19		0.0886932	-0.0580594
3.17		0.0436766	-0.0720805
3.15		0.0516876	-0.0284358
3.13		0.0635381	-0.0224837
3.11		0.0439389	-0.0275424
3.09		-0.00592698	-0.039099
3.07		0.068758	-0.0351495
3.05		0.0835712	-0.0616844
3.03		0.0954389	-0.0503669
3.01		0.0628385	-0.0693041
2.99		0.0415958	-0.0788318
2.97		0.0130137	-0.0732166
2.95		0.0319055	-0.0587261
2.93		0.0365117	-0.0336891
2.91		0.0754876	-0.0393829
2.89		0.0324215	-0.0620335
2.87		0.0338889	-0.0308959
2.85		-0.00966168	-0.0377795
2.83		0.0189824	-0.0238945
2.81		0.0629616	-0.0303686
2.79		0.0591996	-0.0118954
2.77		0.048936	-0.0219308
2.75		0.058063	-0.0260683
2.73		0.0436988	-0.0261536
2.71		0.0453289	0.00912577
2.69		0.0374162	0.0209266
2.67		0.058659	-0.0229471
2.65		0.0369652	-0.0399006
2.63		0.0172073	-0.0749603
2.61		-0.013671	-0.0529802
2.59		-0.00375768	-0.0708089
2.57		0.0528772	-0.0127161
2.55		0.0625774	-0.0233878
2.53		0.0455963	-0.0339418
2.51		0.0387237	-0.0468125
2.49		0.00934862	-0.0451702
2.47		0.0120809	-0.0713058
2.45		0.0485994	-0.0661734
2.43		0.0389454	-0.0389562
2.41		0.0511979	-0.00211493
2.39		0.0249525	0.0206376
2.37		0.0378395	-0.0536203
2.35		0.0642073	-0.0222885
2.33		0.0717036	-0.0227907
2.31		0.0572429	-0.0477156
2.29		0.0455099	-0.0523604
2.27		0.080351	-0.0741834
2.25		0.0289267	-0.103739
2.23		0.0293281	-0.0602552
2.21		0.0306686	-0.0788179
2.19		-0.0269156	-0.0914525
2.17		-0.0144876	-0.0812289
2.15		-0.0218184	-0.0627023
2.13		0.0422723	-0.0745192
2.11		0.0841311	-0.0604755
2.09		0.0753012	-0.0353421
2.07		0.0904508	0.0218697
2.05		0.0991796	-0.00448558
2.03		0.093719	-0.010362
2.01		0.0973285	-0.00105088
1.99		0.0765359	-0.0279784
1.97		0.059984	-0.0642849
1.95		0.0049075	-0.041916
1.93		0.00577253	-0.0680179
1.91		-0.0071991	-0.0307837
1.89		0.089398	-0.056271
1.87		0.0870022	-0.0573127
1.85		0.0245783	-0.0589858
1.83		0.0281292	-0.0434192
1.81		0.0480525	-0.0555785
1.79		0.0458663	-0.0674025
1.77		0.0554849	-0.066998
1.75		0.068458	-0.0712915
1.73		0.0943653	-0.0970206
1.71		0.0890899	-0.0990421
1.69		0.0737414	-0.093564
1.67		0.0599138	-0.0743999
1.65		0.0563292	-0.0521391
1.63		0.0487117	-0.0509176
1.61		0.0470272	-0.0537166
1.59		0.0565295	-0.067
1.57		0.0070769	-0.0710714
1.55		-0.0181517	-0.0612565
1.53		-0.0105961	-0.0850265
1.51		0.0199444	-0.0854782
1.49		0.0651079	-0.0412723
1.47		0.0868169	-0.0678554
1.45		0.0743355	-0.0730751
1.43		0.096055	-0.0398217
1.41		0.0810366	-0.041214
1.39		0.0618922	-0.0782414
1.37		0.0259508	-0.0669041
1.35		0.0377307	-0.0388907
1.33		0.0527408	0.0242537
1.31		0.0667372	-0.0102134
1.29		0.0221282	-0.0671998
1.27		0.0258254	-0.0528891
1.25		0.0587377	-0.0432431
1.23		0.0741207	-0.00599996
1.21		0.062973	-0.00898336
1.19		0.0867197	-0.0108162
1.17		0.0603798	0.0249503
1.15		0.037234	0.0272529
1.13		0.0439044	0.0112312
1.11		0.0174053	-0.0656438
1.09		0.0249711	-0.0568572
1.07		-0.00786204	-0.052343
1.05		-0.01725	-0.095974
1.03		0.0510778	-0.111614
1.01		0.0747551	-0.070826
0.99		0.0898135	-0.0581114
0.97		0.0919554	-0.0771118
0.95		0.0887355	-0.0931032
0.93		0.0798297	-0.105377
0.91		0.0408253	-0.124616
0.89		-0.0203346	-0.0778676
0.87		-0.0210096	-0.0716122
0.85		-0.0237683	-0.0960598
0.83		-0.0231221	-0.0869381
0.81		0.00660882	-0.055117
0.79		-0.000195143	-0.0577568
0.77		0.00213364	-0.0696725
0.75		0.0299977	-0.0755749
0.73		0.0264671	-0.059538
0.71		0.0627086	-0.059403
0.69		0.0222557	-0.055295
0.67		0.0330058	-0.0674335
0.65		0.0509458	-0.048503
0.63		0.0339012	-0.00659023
0.61		0.0200443	-0.0125371
0.59		0.00811415	-0.016088
0.57		-0.00232668	-0.026345
0.55		0.043401	0.0194198
0.53		0.0379858	0.0160464
0.51		0.0100144	-0.0141427
0.49		0.0196846	0.000895608
0.47		-0.0215053	0.0091802
0.45		-0.0250969	0.0129598
0.43		0.00537479	0.0119862
0.41		0.00365881	-0.000710741
0.39		-0.0248316	0.0216467
0.37		-0.00545701	0.0061181
0.35		-0.0165249	0.0222124
0.33		-0.0134706	0.0151786
0.31		-0.00193634	-0.00125649
0.29		-0.00989112	-0.00242681
0.27		-0.00565968	0.00323387
0.25		-0.0174677	0.0124372
0.23		-0.00719434	0.0161657
0.21		-0.00292596	-0.0066574
0.19		-0.0106101	0.0251289
0.17		-0.00556265	0.0140961
0.15		-0.00406859	0.0016189
0.13		-0.00549679	0.00526153
0.11		-0.00552506	0.0046674
0.09		-0.0133491	0.0132589
0.07		-0.00698565	0.0109687
0.05		0.00322388	0.0022515
0.03		-0.00341314	0.0106056
0.01		0.00747508	0.00855084
